ROTEIRO
2.0,1;0 4.5 4.5,
4.0,1;1 7.2 2.2,
3.0,5;1 -80.0 260.0 ,1 -10.0 260, 6 30.0 260,2 60.0 260 ,1 115.0 260, 
4.0,4;3 0.0 260,3 40.0 260,3 -40.0 260,1 115.0 260,
5.0,6;0 0.0 260.0,0 0.0 260.0,0 0.0 260.0,0 0.0 260.0,0 0.0 260.0,0 0.0 260.0,
6.0,4;3 0.0 260,3 40.0 260,3 -40.0 260,1 115.0 260,
8.0,5;1 -80.0 260.0 ,1 -10.0 260, 6 30.0 260,2 60.0 260 ,1 115.0 260,
12.0,4;3 0.0 260,3 40.0 260,3 -40.0 260,1 115.0 260,
15.0,3;2 -30.0 260,2 90.0 260,2 0.0 260, 
18.0,3;0 0.0 260.0,3 40.0 260,3 -40.0 260,
19.0,5;6 -10.0 260, 2 30.0 260,2 60.0 260 ,6 115.0 260,,6 -115.0 260,
22.0,3;3 0.0 260,3 40.0 260,3 -40.0 260,
23.0,4;3 0.0 260,3 40.0 260,3 -40.0 260,1 115.0 260,
24.0,4;3 0.0 260,3 40.0 260,3 -40.0 260,1 115.0 260,
26.0,5;1 -80.0 260.0 ,1 -10.0 260,6 30.0 260,2 60.0 260 ,1 115.0 260,
30.0,3;2 -30.0 260,2 90.0 260,2 0.0 260,
31.0,4;3 0.0 260,3 40.0 260,3 -40.0 260,1 115.0 260,
32.0,4;3 0.0 260,3 40.0 260,3 -40.0 260,1 115.0 260,
34.0,2;3 0.0 260,3 -40.0 260,
36.0,4;3 0.0 260,3 40.0 260,3 -40.0 260,1 115.0 260,
39.0,2;7 224.0 260.0,0 -224.0 260.0,
42.0,4;3 0.0 260,3 40.0 260,3 -40.0 260,1 115.0 260,
45.0,5;6 -10.0 260, 2 30.0 260,2 60.0 260 ,6 115.0 260,,6 -115.0 260,
48.0,5;6 -10.0 260, 2 30.0 260,2 60.0 260 ,6 115.0 260,,6 -115.0 260,
51.0,5;6 -10.0 260, 2 30.0 260,2 60.0 260 ,6 115.0 260,,6 -115.0 260,
53.0,5;6 -10.0 260, 2 30.0 260,2 60.0 260 ,6 115.0 260,,6 -115.0 260,
54.0,4;3 0.0 260,3 40.0 260,3 -40.0 260,1 115.0 260,
55.0,3;3 0.0 260,3 40.0 260,3 80.0 260,
56.0,3;3 0.0 260,3 40.0 260,3 80.0 260,
56.0,3;3 0.0 260,3 40.0 260,3 80.0 260,
57.0,4;3 0.0 260,3 40.0 260,3 -40.0 260,1 115.0 260,
57.0,3;3 0.0 260,3 40.0 260,3 80.0 260,
58.0,3;3 0.0 260,3 40.0 260,3 80.0 260,
59.0,14;3 0.0 260,3 40.0 260,3 -40.0 260,3 -100.0 260,3 -140.0 260,3 80.0 260,3 -220.0 260,3 160.0 260,3 120.0 260,3 220.0 260,1 -10.0 260, 6 30.0 260,2 60.0 260 , 1 115.0 260,
60.0,3;3 0.0 260,3 40.0 260,3 80.0 260,
61.0,5;6 -10.0 260, 1 30.0 260,2 60.0 260 ,6 115.0 260,,6 -115.0 260,
62.0,4;3 0.0 260,3 40.0 260,3 -40.0 260,1 115.0 260,
65.0,3;3 0.0 260,3 40.0 260,3 80.0 260,
66.0,5;3 0.0 260,3 40.0 260,3 -40.0 260,2 -30.0 260,2 -70.0 260,
75.0,2;4 0.0 200.2,0 224.0 224.0,
77.0,3;2 -30.0 260,2 90.0 260,2 0.0 260, 
78.0,3;0 0.0 260.0,3 40.0 260,3 -40.0 260,
78.5,4;3 0.0 260,3 40.0 260,3 -40.0 260,1 115.0 260,
79.0,3;3 0.0 260,3 40.0 260,3 -40.0 260,
81.0,4;3 0.0 260,3 40.0 260,3 -40.0 260,1 115.0 260,
83.0,5;1 -80.0 260.0 ,1 -10.0 260,6 30.0 260,2 60.0 260 ,1 115.0 260,
84.0,4;3 0.0 260,3 40.0 260,3 -40.0 260,2 -30.0 260,
86.0,4;3 0.0 260,3 40.0 260,3 -40.0 260,1 115.0 260,
88.0,3;3 0.0 260,3 40.0 260,3 80.0 260,
90.0,5;7 124.0 260.0,0 0.0 260.0, 6 30.0 260,2 60.0 260 ,1 115.0 260,
93.0,5;6 -10.0 260, 1 30.0 260,2 60.0 260 ,6 115.0 260,,6 -115.0 260,
95.0,3;3 0.0 260,3 40.0 260,3 80.0 260,